R1=50
R2=300000
R3=1000000
RT=(R1+R2)*R3/(R1+R2+R3)
Voc=2*R3/(RT+R3)