T0=70e-6
a0=20e-6*5/T0
1/70e-6